1.000000000 0.000000000 0.000000000 0.000000000 0.000000000 1.000000000 0.000000000 0.000000000 0.000000000 0.000000000 1.000000000 0.000000000
0.999997914 0.001549198 0.001348577 0.017145339 -0.001548629 0.999998689 -0.000422596 -0.015309699 -0.001349230 0.000420506 0.999998927 0.152691558
0.999997377 0.001462221 0.001776240 0.026839994 -0.001462251 0.999998927 0.000015678 -0.018892879 -0.001776215 -0.000018275 0.999998391 0.250416368
0.999995947 0.001986536 0.002037304 0.062410653 -0.001986237 0.999997973 -0.000149123 -0.032299377 -0.002037596 0.000145076 0.999997854 0.407083094
0.999994755 0.002420801 0.002138346 0.081523329 -0.002420703 0.999997139 -0.000048117 -0.043651935 -0.002138456 0.000042941 0.999997735 0.530537188
0.999994934 0.002421541 0.002062470 0.152270779 -0.002420996 0.999997079 -0.000266852 -0.033360530 -0.002063110 0.000261857 0.999997854 0.635153472
0.999992967 0.003214575 0.001925589 0.206606030 -0.003214883 0.999994874 0.000156819 -0.048930675 -0.001925075 -0.000163009 0.999998152 0.724379480
0.999988258 0.004215430 0.002393403 0.267595261 -0.004214099 0.999991059 -0.000560794 -0.049795520 -0.002395746 0.000550701 0.999997020 0.827640474
0.999994695 0.002626030 0.001928375 0.309012115 -0.002625120 0.999996483 -0.000474120 -0.024014246 -0.001929613 0.000469055 0.999998093 0.979573429
0.999991894 0.003341936 0.002217992 0.327360272 -0.003341853 0.999994457 -0.000041000 -0.048209667 -0.002218116 0.000033588 0.999997556 1.033537149
0.999990463 0.003744764 0.002217876 0.348268986 -0.003743029 0.999992609 -0.000785883 -0.041092854 -0.002220802 0.000777574 0.999997258 1.147523522
0.999987483 0.004039851 0.002967594 0.353569925 -0.004036360 0.999991238 -0.001181624 -0.038775705 -0.002972341 0.001169631 0.999994993 1.262589455
0.999988198 0.004203789 0.002442219 0.417138219 -0.004201594 0.999990702 -0.000903375 -0.053064257 -0.002445993 0.000893103 0.999996662 1.362916946
0.999985754 0.004787037 0.002381243 0.464603573 -0.004783905 0.999987721 -0.001318845 -0.051412374 -0.002387527 0.001307435 0.999996364 1.487439632
0.999980271 0.005781244 0.002442354 0.507385015 -0.005778600 0.999982715 -0.001088760 -0.065984271 -0.002448606 0.001074625 0.999996483 1.596756577
0.999989152 0.004097837 0.002219665 0.548183024 -0.004097055 0.999991596 -0.000356433 -0.091669075 -0.002221107 0.000347335 0.999997556 1.715469480
0.999986291 0.004982218 0.001562650 0.621099055 -0.004981183 0.999987364 -0.000666345 -0.083676547 -0.001565950 0.000658552 0.999998569 1.875970840
0.999975264 0.006744687 0.001990362 0.644544601 -0.006741802 0.999976218 -0.001452787 -0.072729729 -0.002000114 0.001439332 0.999996960 1.954619288
0.999972820 0.007014878 0.002303487 0.679288208 -0.007011982 0.999974608 -0.001263081 -0.080824316 -0.002312289 0.001246894 0.999996603 2.065882683
0.999973118 0.006950456 0.002347420 0.721190631 -0.006947814 0.999975264 -0.001131565 -0.086093254 -0.002355227 0.001115225 0.999996662 2.158455849
0.999970615 0.007268117 0.002450498 0.746190548 -0.007264384 0.999972463 -0.001529280 -0.093481503 -0.002461546 0.001511434 0.999995887 2.265915155
0.999967456 0.007660663 0.002523362 0.836190701 -0.007656312 0.999969184 -0.001729517 -0.101185933 -0.002536534 0.001710141 0.999995291 2.414731741
0.999970257 0.007375428 0.002266159 0.885444820 -0.007372712 0.999972105 -0.001204088 -0.094566226 -0.002274976 0.001187344 0.999996781 2.507686138
0.999977052 0.006457741 0.002021932 0.959607780 -0.006455834 0.999978721 -0.000948224 -0.115682632 -0.002028013 0.000935148 0.999997497 2.653728724
0.999974012 0.006881223 0.002133434 1.006550789 -0.006878984 0.999975801 -0.001054770 -0.114107378 -0.002140641 0.001040066 0.999997199 2.757979870
0.999983847 0.005420713 0.001727801 1.061398745 -0.005420674 0.999985337 -0.000027741 -0.139864609 -0.001727926 0.000018375 0.999998569 2.875268221
0.999959946 0.008581032 0.002523564 1.063502669 -0.008578402 0.999962628 -0.001050973 -0.127776623 -0.002532489 0.001029283 0.999996245 2.954489708
0.999969482 0.007573161 0.001940706 1.118303418 -0.007570983 0.999970734 -0.001126837 -0.137849152 -0.001949183 0.001112110 0.999997497 3.059898376
0.999967217 0.007825141 0.002075116 1.148313165 -0.007822799 0.999968767 -0.001133372 -0.153861329 -0.002083919 0.001117102 0.999997139 3.132800102
0.999971867 0.007067097 0.002497677 1.151484370 -0.007065156 0.999974728 -0.000785526 -0.153582469 -0.002503166 0.000767858 0.999996543 3.171531677
0.999965847 0.007740881 0.002880658 1.151144266 -0.007737793 0.999969482 -0.001081668 -0.151719928 -0.002888943 0.001059341 0.999995232 3.228052378
0.999967873 0.007379860 0.003131146 1.150733590 -0.007376350 0.999972165 -0.001131418 -0.150649816 -0.003139408 0.001108285 0.999994397 3.266039848
0.999966621 0.007350727 0.003568323 1.152203441 -0.007346565 0.999972284 -0.001178512 -0.150718346 -0.003576887 0.001152258 0.999992907 3.304902077
0.999966085 0.007412310 0.003585994 1.150768161 -0.007409020 0.999972105 -0.000930231 -0.152113914 -0.003592788 0.000903631 0.999993086 3.336941719
0.999964118 0.007464898 0.004005700 1.149307013 -0.007461846 0.999971867 -0.000776611 -0.153069615 -0.004011385 0.000746694 0.999991715 3.352640867
0.999963820 0.007172235 0.004563017 1.153462410 -0.007169154 0.999974132 -0.000691568 -0.152653277 -0.004567858 0.000658830 0.999989331 3.431824446
0.999958873 0.007334311 0.005334335 1.155464768 -0.007329797 0.999972761 -0.000865583 -0.151102230 -0.005340538 0.000826448 0.999985337 3.455244064
0.999967396 0.005832931 0.005595370 1.159072518 -0.005833206 0.999983013 0.000032530 -0.155837148 -0.005595084 -0.000065168 0.999984384 3.482561350
0.999964952 0.006064408 0.005771702 1.151188016 -0.006064691 0.999981642 0.000031321 -0.155319825 -0.005771406 -0.000066323 0.999983311 3.504843712
0.999949515 0.007758501 0.006382486 1.224927783 -0.007751531 0.999969363 -0.001116172 -0.149836719 -0.006390950 0.001066642 0.999978960 3.615068197
0.999944925 0.008155425 0.006606741 1.203952789 -0.008147561 0.999966145 -0.001216383 -0.149760664 -0.006616437 0.001162487 0.999977410 3.605983973
0.999936998 0.008537153 0.007291366 1.223926306 -0.008527555 0.999962807 -0.001346800 -0.147391096 -0.007302593 0.001284537 0.999972463 3.656091928
0.999949694 0.007230334 0.006951565 1.202333331 -0.007224520 0.999973595 -0.000861189 -0.151649758 -0.006957606 0.000810924 0.999975443 3.646628380
0.999943793 0.007397497 0.007594770 1.143067598 -0.007392711 0.999972463 -0.000658192 -0.145877972 -0.007599431 0.000602009 0.999970913 3.598121166
0.999941111 0.007226341 0.008098832 1.193340063 -0.007224544 0.999973893 -0.000251055 -0.151567116 -0.008100435 0.000192530 0.999967098 3.674468279
0.999921441 0.009328186 0.008371204 1.165847540 -0.009320769 0.999956191 -0.000924616 -0.148232684 -0.008379461 0.000846517 0.999964476 3.661851645
0.999957204 0.007893757 0.004824632 1.775228620 -0.007889344 0.999968469 -0.000932956 -0.069957584 -0.004831844 0.000894853 0.999987900 4.394371986
0.999974906 0.006298708 0.003242946 2.000612020 -0.006302280 0.999979496 0.001091860 -0.291712940 -0.003236003 -0.001112271 0.999994159 5.146366596
0.999991775 0.003376231 0.002240338 2.039184570 -0.003379606 0.999993145 0.001504316 -0.117771983 -0.002235243 -0.001511875 0.999996305 5.098086834
0.999983549 0.005445870 0.001798710 2.208367109 -0.005446820 0.999985039 0.000523149 -0.107948042 -0.001795834 -0.000532938 0.999998212 5.458756447
0.999935806 0.010741403 0.003608803 1.646194696 -0.010746220 0.999941409 0.001317625 -0.722520173 -0.003594438 -0.001356321 0.999992609 5.666864872
0.999944389 0.010163475 0.002826913 2.103563309 -0.010168367 0.999946773 0.001721001 -0.740236223 -0.002809271 -0.001749650 0.999994457 5.642893791
0.999964833 0.008221024 0.001653744 2.952729225 -0.008222762 0.999965608 0.001046513 -0.431104720 -0.001645083 -0.001060074 0.999998033 4.911993504
0.999943495 0.010548213 0.001311876 3.100717306 -0.010548886 0.999944270 0.000505869 -0.455619603 -0.001306467 -0.000519678 0.999999046 4.953675747
0.999945700 0.010229325 0.002006313 3.419346333 -0.010231324 0.999947190 0.000988409 -0.478078753 -0.001996096 -0.001008883 0.999997497 4.648476124
0.999863744 0.016501576 0.000306985 4.472028255 -0.016502067 0.999862432 0.001662720 -1.128574014 -0.000279505 -0.001667559 0.999998510 4.023452282
0.999852061 0.017188331 0.000598607 4.871628761 -0.017189160 0.999851286 0.001406576 -1.044158578 -0.000574341 -0.001416658 0.999998808 3.316713095
0.999795437 0.020221205 0.000439435 4.905885696 -0.020221764 0.999794662 0.001297031 -1.402360678 -0.000413118 -0.001305652 0.999998987 3.569577694
0.999696076 0.024589336 0.001758904 4.607746601 -0.024590544 0.999697387 0.000669452 -1.587324381 -0.001741910 -0.000712501 0.999998152 4.024272442
0.999767363 0.021562416 -0.000308253 4.772217274 -0.021561852 0.999765992 0.001728366 -1.585479498 0.000345449 -0.001721317 0.999998391 4.642323494
0.999760330 0.021889744 -0.000116483 4.644609451 -0.021889502 0.999758780 0.001779897 -1.543474555 0.000155417 -0.001776920 0.999998391 4.507885933
0.999784768 0.020742552 0.000152665 4.755788326 -0.020742860 0.999782026 0.002387955 -1.565317035 -0.000103099 -0.002390607 0.999997079 4.805763721
0.999886096 0.015004318 0.001626409 2.977078915 -0.015006478 0.999886513 0.001327827 -0.880270898 -0.001606302 -0.001352082 0.999997735 6.918753147
0.999876797 0.015579924 0.001881792 2.997222185 -0.015581279 0.999878407 0.000706339 -0.864795029 -0.001870558 -0.000735572 0.999997973 7.019965649
0.999867618 0.016075501 0.002526664 3.073433399 -0.016076975 0.999870658 0.000564192 -0.889181256 -0.002517268 -0.000604738 0.999996603 7.011158466
0.999881923 0.015298467 0.001415325 3.169413090 -0.015299866 0.999882460 0.000983689 -0.866130531 -0.001400109 -0.001005227 0.999998450 7.186704636
0.999829352 0.018395422 0.001729813 3.371191978 -0.018395646 0.999830782 0.000111744 -0.991313636 -0.001727465 -0.000143546 0.999998510 7.053300858
0.999832094 0.018268215 0.001427816 3.566693544 -0.018269043 0.999832928 0.000569209 -1.000204563 -0.001417179 -0.000595198 0.999998808 6.998996735
0.999832273 0.018239409 0.001640811 3.671030521 -0.018240646 0.999833345 0.000742408 -1.010553241 -0.001626996 -0.000772213 0.999998391 6.997246742
0.999831438 0.018277725 0.001686929 3.731406927 -0.018277751 0.999832988 -0.000002273 -0.968725383 -0.001686689 -0.000028561 0.999998569 7.082058907
0.999846280 0.017484564 0.001234078 3.741864681 -0.017485121 0.999847054 0.000443004 -0.943345308 -0.001226144 -0.000464514 0.999999106 7.259327888
0.999836504 0.018049987 0.001047141 3.778363943 -0.018050171 0.999837101 0.000167405 -0.921878994 -0.001043948 -0.000186278 0.999999464 7.443051338
0.999839306 0.017878735 0.001331540 3.751352310 -0.017879272 0.999840081 0.000390400 -0.922685862 -0.001324347 -0.000414144 0.999998987 7.549224854
0.999818087 0.018975182 0.001888389 3.694181681 -0.018975191 0.999819934 -0.000014748 -0.951370656 -0.001888329 -0.000021087 0.999998212 7.621942997
0.999842882 0.017708458 0.000688124 4.627190590 -0.017708389 0.999843240 -0.000107788 -0.876915336 -0.000689925 0.000095585 0.999999762 6.873449802
0.999799073 0.020042481 0.000299105 4.480607986 -0.020042641 0.999799013 0.000537194 -1.060576797 -0.000288278 -0.000543081 0.999999762 7.245908260
0.999817371 0.019069787 0.001184453 4.597320080 -0.019069986 0.999818146 0.000157423 -0.964359522 -0.001181235 -0.000179982 0.999999285 7.175857067
0.999829412 0.018316617 0.002350137 4.235971928 -0.018320316 0.999830902 0.001562050 -1.019160390 -0.002321128 -0.001604839 0.999996006 7.549799919
0.999851286 0.017213691 0.001070489 4.587060452 -0.017215269 0.999850750 0.001480831 -1.005620122 -0.001044839 -0.001499039 0.999998331 7.332279205
0.999767363 0.021469338 0.002019710 4.943729877 -0.021471767 0.999768734 0.001187334 -1.252998710 -0.001993752 -0.001230425 0.999997199 6.984582424
0.999730229 0.023181701 0.001464330 5.142286301 -0.023181969 0.999731302 0.000164423 -1.263075113 -0.001460125 -0.000198325 0.999998868 6.953990936
0.999763012 0.021730227 0.001308851 5.237067223 -0.021731865 0.999762952 0.001249353 -1.297561407 -0.001281392 -0.001277500 0.999998331 7.098306656
0.999632001 0.027123246 -0.000399004 5.750867367 -0.027122879 0.999631703 0.000908868 -1.588459015 0.000423508 -0.000897711 0.999999523 6.845200062
0.999643326 0.026678087 0.001161861 5.416729450 -0.026679322 0.999643445 0.001062282 -1.580980659 -0.001133107 -0.001092901 0.999998748 7.183151722
0.999610245 0.027911479 0.000253763 5.659018993 -0.027911752 0.999609768 0.001154007 -1.694273949 -0.000221454 -0.001160640 0.999999285 7.277119160
0.999588251 0.028649537 0.001530806 5.902431488 -0.028651053 0.999588966 0.000976806 -1.704551697 -0.001502192 -0.001020263 0.999998331 6.814168453
0.999621570 0.027501969 0.000480023 6.161933422 -0.027502170 0.999621689 0.000417451 -1.599284649 -0.000468361 -0.000430495 0.999999762 6.842603207
0.999660313 0.026055444 -0.000527829 6.388144016 -0.026055465 0.999660492 -0.000022102 -1.315637946 0.000527074 0.000035847 0.999999881 6.916647911
0.999577820 0.029032433 -0.001021314 6.370263577 -0.029030839 0.999577284 0.001541454 -1.816031337 0.001065635 -0.001511153 0.999998271 7.476074219
0.999487936 0.031992618 -0.000432404 6.414420605 -0.031992167 0.999487638 0.001002527 -1.933308005 0.000464256 -0.000988180 0.999999404 7.428401947
0.999368429 0.035523809 -0.000853389 6.316617012 -0.035522737 0.999368072 0.001247905 -2.272945642 0.000897180 -0.001216802 0.999998808 7.741119385
0.999388278 0.034963775 -0.000660084 6.320164204 -0.034963511 0.999388516 0.000403691 -2.038509607 0.000673795 -0.000380365 0.999999702 7.761199951
0.999589086 0.028613240 -0.001730337 6.397536278 -0.028610708 0.999589562 0.001472106 -1.716023326 0.001771749 -0.001421995 0.999997377 8.104148865
0.999567568 0.029346498 -0.001850126 6.720524311 -0.029343158 0.999567747 0.001809142 -1.805164576 0.001902418 -0.001754071 0.999996662 7.844037533
0.999588549 0.028684359 -0.000277303 6.235184669 -0.028683783 0.999586642 0.001911994 -1.746446609 0.000332033 -0.001903253 0.999998152 8.375308037
0.999561131 0.029619975 -0.000483508 6.198647022 -0.029619180 0.999559999 0.001583026 -1.733703613 0.000530185 -0.001568010 0.999998629 8.696448326
0.999589086 0.028627710 -0.001474254 6.583837986 -0.028625682 0.999589264 0.001380806 -1.629494190 0.001513178 -0.001338037 0.999997973 8.554948807
0.999520898 0.030947210 -0.000534232 6.649071693 -0.030946264 0.999519587 0.001705887 -1.850091577 0.000586768 -0.001688538 0.999998450 8.382022858
0.999491453 0.031878736 -0.000749331 6.870309353 -0.031877823 0.999491036 0.001194552 -1.849906206 0.000787031 -0.001170058 0.999998987 8.317715645
0.999483109 0.032134328 -0.000909281 6.986330986 -0.032133184 0.999482870 0.001241606 -1.878436565 0.000948709 -0.001211747 0.999998868 8.345658302
0.999539971 0.030281119 -0.001690872 7.172508240 -0.030279184 0.999540865 0.001160651 -1.787607074 0.001725241 -0.001108919 0.999997914 8.388304710
0.999503195 0.031463128 -0.001866665 7.370788097 -0.031460822 0.999504209 0.001250084 -1.844768882 0.001905071 -0.001190736 0.999997497 8.363733292
0.999559164 0.029629432 -0.001949879 7.516380787 -0.029626805 0.999560118 0.001362168 -1.768315554 0.001989382 -0.001303798 0.999997139 8.369531631
0.999559224 0.029671658 -0.000995053 7.294168949 -0.029670069 0.999558508 0.001576107 -1.796811104 0.001041379 -0.001545889 0.999998271 8.708093643
0.999595046 0.028445918 -0.000825154 7.424793243 -0.028443975 0.999592841 0.002275513 -1.755357504 0.000889547 -0.002251121 0.999997079 8.685236931
0.999510467 0.031283785 -0.000278312 7.436129570 -0.031283461 0.999509931 0.001087556 -1.832450628 0.000312199 -0.001078317 0.999999404 8.727359772
0.999557853 0.029705193 -0.001294467 7.669917107 -0.029702960 0.999557257 0.001713782 -1.813494682 0.001344803 -0.001674575 0.999997735 8.848750114
0.999538839 0.030340459 -0.001267015 7.697067738 -0.030337732 0.999537468 0.002116640 -1.888426781 0.001330649 -0.002077226 0.999997020 8.981947899
0.999544978 0.030106606 0.001848575 6.750317574 -0.030110246 0.999544621 0.001969939 -1.850086093 -0.001788425 -0.002024704 0.999996364 9.677040100
0.999542892 0.030187778 0.001620733 7.358206749 -0.030191772 0.999540925 0.002498595 -1.948158145 -0.001544563 -0.002546385 0.999995589 9.003750801
0.999570668 0.029290959 0.000722344 7.908576012 -0.029292192 0.999569356 0.001760529 -1.749720931 -0.000670465 -0.001780933 0.999998212 8.682265282
0.999445260 0.033284467 0.001196747 7.531987190 -0.033286698 0.999444067 0.001885705 -2.142614841 -0.001133317 -0.001924494 0.999997556 9.413141251
0.999569356 0.029339416 0.000408903 7.597100735 -0.029340254 0.999567032 0.002233627 -1.845700264 -0.000343193 -0.002244662 0.999997437 9.511256218
0.999414504 0.034210276 -0.000368378 8.195693016 -0.034209214 0.999411404 0.002575610 -2.242274523 0.000456273 -0.002561501 0.999996603 9.299304008
0.999376118 0.035295147 -0.001270306 8.099609375 -0.035292987 0.999375522 0.001687440 -2.238805056 0.001329071 -0.001641555 0.999997795 9.670187950
0.999464095 0.032724373 -0.000862158 7.726556301 -0.032722741 0.999462783 0.001841426 -2.036620855 0.000921954 -0.001812227 0.999997973 10.094232559
0.999630511 0.027162477 -0.001003317 8.086394310 -0.027159959 0.999628127 0.002443686 -1.691738844 0.001069321 -0.002415533 0.999996543 9.959527016
0.999422729 0.033973657 -0.000248102 8.098197937 -0.033973150 0.999421060 0.001807072 -2.130519152 0.000309351 -0.001797600 0.999998391 9.994083405
0.999365389 0.035602536 -0.001085684 8.413491249 -0.035600435 0.999364316 0.001896705 -2.223861217 0.001152522 -0.001856850 0.999997616 9.857512474
0.999403715 0.034520168 -0.000779197 8.410300255 -0.034519367 0.999403536 0.001023755 -2.173649073 0.000814072 -0.000996247 0.999999225 10.084674835
0.999271572 0.038151320 -0.000904503 8.365596771 -0.038148955 0.999268949 0.002505780 -2.519575834 0.000999440 -0.002469449 0.999996483 10.391202927
0.999273717 0.038106836 -0.000301047 9.458785057 -0.038106378 0.999272704 0.001398713 -2.276341677 0.000354129 -0.001386226 0.999998987 9.117358208
0.999251008 0.038673487 -0.001366107 8.724633217 -0.038671922 0.999251306 0.001151066 -2.327893734 0.001409600 -0.001097374 0.999998450 10.622981071
0.999371588 0.035426382 -0.001232351 8.242714882 -0.035422735 0.999368250 0.002865719 -2.425042391 0.001333095 -0.002820265 0.999995172 11.349454880
0.999414980 0.034146961 -0.001926365 8.572561264 -0.034140635 0.999411881 0.003226399 -2.370461464 0.002035404 -0.003158744 0.999992967 11.376599312
0.999320269 0.036792602 -0.002300341 9.128385544 -0.036788024 0.999321043 0.002001767 -2.400588751 0.002372429 -0.001915781 0.999995351 11.168586731
0.999436796 0.033547737 -0.000821116 7.314511299 -0.033546347 0.999435782 0.001658957 -2.057101250 0.000876307 -0.001630477 0.999998212 13.308967590
0.999404013 0.034520417 0.000233020 7.326485157 -0.034520809 0.999401987 0.001979214 -2.141837358 -0.000164557 -0.001986078 0.999998033 13.521828651
0.999369204 0.035499211 0.001085440 7.187156677 -0.035501417 0.999367416 0.002086557 -2.198869467 -0.001010682 -0.002123775 0.999997199 13.867444038
0.999397755 0.034699649 -0.000269238 7.776671410 -0.034698993 0.999395549 0.002144038 -2.163680315 0.000343473 -0.002133404 0.999997675 13.472802162
0.999387503 0.034992754 -0.000302890 7.833673000 -0.034992181 0.999386072 0.001721714 -2.128350973 0.000362952 -0.001710061 0.999998450 13.494399071
0.999384165 0.035081632 0.000755106 7.845613480 -0.035082802 0.999383152 0.001600886 -2.142404318 -0.000698478 -0.001626391 0.999998391 13.730032921
0.999362886 0.035676349 0.001045752 7.835385323 -0.035677891 0.999362230 0.001499468 -2.192401886 -0.000991589 -0.001535822 0.999998331 13.938675880
0.999361038 0.035740782 -0.000460610 8.610112190 -0.035739962 0.999359727 0.001675727 -2.223406553 0.000520206 -0.001658194 0.999998450 13.222181320
0.999381781 0.035151456 -0.000648388 8.789508820 -0.035150088 0.999379992 0.002003572 -2.179971933 0.000718415 -0.001979542 0.999997795 13.164601326
0.999383450 0.035090994 -0.001172285 8.792138100 -0.035088543 0.999382079 0.002051652 -2.167325974 0.001243555 -0.002009253 0.999997199 13.401181221
0.999286175 0.037775159 -0.000462306 9.001322746 -0.037774060 0.999283850 0.002190136 -2.308727741 0.000544708 -0.002171110 0.999997497 13.208518028
0.999164641 0.040866509 0.000369076 8.974058151 -0.040866923 0.999163866 0.001227430 -2.382539749 -0.000318607 -0.001241488 0.999999166 13.314087868
0.999261498 0.038424280 -0.000460806 8.874027252 -0.038423315 0.999259651 0.001951776 -2.329924345 0.000535460 -0.001932628 0.999998033 13.769683838
0.999284387 0.037820399 0.000579384 8.807999611 -0.037821274 0.999283254 0.001581270 -2.393425941 -0.000519164 -0.001602051 0.999998569 14.152014732
0.999358594 0.035812307 0.000100479 8.887553215 -0.035812423 0.999357164 0.001663927 -2.236660719 -0.000040826 -0.001666458 0.999998629 14.290651321
0.999384463 0.035064079 -0.001157139 9.490821838 -0.035061266 0.999382317 0.002369087 -2.220846176 0.001239494 -0.002327057 0.999996543 13.983038902
0.999422371 0.033986885 -0.000151192 9.528116226 -0.033986069 0.999415100 0.003800694 -2.250454903 0.000280277 -0.003793359 0.999992728 13.969371796
0.999447227 0.033245485 0.000058845 9.577313423 -0.033245467 0.999439895 0.003825450 -2.268625498 0.000068367 -0.003825292 0.999992669 13.934194565
0.999427557 0.033825081 0.000759774 8.835569382 -0.033827495 0.999421775 0.003424148 -2.252795219 -0.000643512 -0.003447888 0.999993861 14.984257698
0.999372542 0.035374060 -0.001802091 10.568894386 -0.035369016 0.999370515 0.002755781 -2.335098028 0.001898440 -0.002690313 0.999994576 14.219283104
0.999068797 0.043073766 -0.002490551 11.735957146 -0.043068055 0.999069452 0.002305221 -2.826145172 0.002587528 -0.002195812 0.999994218 13.526875496
0.999077916 0.042855337 -0.002587147 11.048108101 -0.042852588 0.999080718 0.001106205 -2.610967636 0.002632175 -0.000994319 0.999996006 14.686241150
0.999052227 0.043468393 -0.002296152 11.507580757 -0.043460898 0.999049902 0.003219116 -3.028512716 0.002433900 -0.003116272 0.999992132 14.298321724
0.998339355 0.057556223 -0.002435535 12.000598907 -0.057549488 0.998338878 0.002748678 -3.667454481 0.002589693 -0.002603949 0.999993205 12.881981850
0.998044074 0.062502541 -0.001204060 11.774905205 -0.062499858 0.998042703 0.002146440 -3.775673866 0.001335861 -0.002066989 0.999996960 12.828232765
0.997949123 0.063874170 -0.004204803 12.943058968 -0.063859098 0.997952342 0.003623466 -3.973215580 0.004427638 -0.003347519 0.999984622 12.051143646
0.998249769 0.059024196 -0.003692450 13.107216835 -0.059014410 0.998253465 0.002704138 -3.626526356 0.003845610 -0.002481497 0.999989510 11.850463867
0.998045921 0.062425278 -0.002760593 12.159708023 -0.062414750 0.998043239 0.003745024 -3.972178936 0.002988975 -0.003565403 0.999989212 13.237880707
0.999138117 0.041507009 0.000400311 10.384422302 -0.041508745 0.999116719 0.006525126 -2.851521015 -0.000129119 -0.006536117 0.999978602 14.565133095
0.999451220 0.033116788 0.000733075 9.323000908 -0.033119682 0.999441803 0.004373233 -2.170790911 -0.000587838 -0.004395112 0.999990165 16.884094238
0.999326348 0.036689728 0.000724382 9.322323799 -0.036691636 0.999322653 0.002820290 -2.177160025 -0.000620416 -0.002844970 0.999995768 17.129617691
0.999279439 0.037946917 0.000880030 9.395576477 -0.037948925 0.999276698 0.002387740 -2.173698902 -0.000788786 -0.002419415 0.999996722 17.205713272
0.999300539 0.037387315 0.000803125 9.494179726 -0.037389111 0.999297976 0.002352352 -2.183334827 -0.000714614 -0.002380735 0.999996841 17.173809052
0.999375761 0.035328414 0.000279348 9.676118851 -0.035329085 0.999371231 0.002964740 -2.190843344 -0.000174433 -0.002972758 0.999995530 17.097778320
0.999318063 0.036923274 0.000209811 9.803507805 -0.036923714 0.999314189 0.002759883 -2.232269764 -0.000107763 -0.002765747 0.999996185 17.114610672
0.999334097 0.036487930 -0.000170779 10.365850449 -0.036487315 0.999330223 0.002783931 -2.191492319 0.000272245 -0.002775847 0.999996066 16.844028473
0.999237239 0.039042681 0.000760345 10.389000893 -0.039044160 0.999235392 0.002043931 -2.219816446 -0.000679963 -0.002072058 0.999997616 16.952146530
0.999249041 0.038735397 0.000911933 10.389888763 -0.038737364 0.999246895 0.002244145 -2.210211992 -0.000824318 -0.002277786 0.999997020 17.259920120
0.999354780 0.035917372 -0.000115896 10.432044983 -0.035916936 0.999351263 0.002653242 -2.164683104 0.000211118 -0.002647366 0.999996424 17.705444336
0.999331117 0.036567762 0.000457262 10.436026573 -0.036568828 0.999327779 0.002603198 -2.161871672 -0.000361761 -0.002618177 0.999996483 17.770513535
0.999355972 0.035880696 -0.000496761 10.466711044 -0.035878863 0.999350607 0.003313852 -2.161999702 0.000615342 -0.003293894 0.999994397 18.195959091
0.999314547 0.037017968 0.000456580 10.453124046 -0.037019014 0.999311268 0.002560205 -2.152725220 -0.000361492 -0.002575352 0.999996603 18.092567444
0.999326348 0.036693428 0.000720731 10.470892906 -0.036695521 0.999321580 0.003147949 -2.141016006 -0.000604733 -0.003172276 0.999994755 18.350166321
0.999283254 0.037852637 0.000445519 10.502776146 -0.037853893 0.999277830 0.003278133 -2.249940872 -0.000321111 -0.003292647 0.999994516 18.646963120
0.999274373 0.038063843 0.001325675 10.515015602 -0.038068183 0.999269307 0.003416231 -2.245893478 -0.001194672 -0.003464218 0.999993265 18.721385956
0.999354959 0.035858747 0.001910168 10.503823280 -0.035866145 0.999348640 0.003990710 -2.250305891 -0.001765822 -0.004056646 0.999990165 18.756870270
0.999275804 0.038040929 0.000905437 10.438321114 -0.038044017 0.999269187 0.003680334 -2.208388567 -0.000764772 -0.003712114 0.999992788 19.169368744
0.999382436 0.035092041 0.001818033 10.422479630 -0.035100695 0.999371469 0.004968213 -2.230649471 -0.001642545 -0.005028959 0.999985993 19.087144852
0.999389291 0.034874320 0.002190237 10.428857803 -0.034883559 0.999381959 0.004333654 -2.214619398 -0.002037750 -0.004407410 0.999988139 19.229612350
0.999398351 0.034604825 0.002324671 10.449670792 -0.034614626 0.999391437 0.004315150 -2.234180450 -0.002173931 -0.004393022 0.999987960 19.389347076
0.999403298 0.034395628 0.003154394 10.460643768 -0.034406930 0.999401331 0.003601273 -2.205408335 -0.003028638 -0.003707657 0.999988496 19.552541733
0.999403059 0.034413341 0.003035603 10.465193748 -0.034424592 0.999400258 0.003734418 -2.198611259 -0.002905268 -0.003836688 0.999988437 19.667688370
0.999454975 0.032944050 0.002141261 10.491364479 -0.032953437 0.999446750 0.004506077 -2.182182550 -0.001991628 -0.004574183 0.999987543 19.889947891
0.999554932 0.029754816 0.002156143 10.496367455 -0.029765481 0.999543905 0.005098033 -2.161030769 -0.002003468 -0.005159942 0.999984622 19.992490768
0.999444842 0.033266094 0.001884967 10.535971642 -0.033274271 0.999436140 0.004484111 -2.139703274 -0.001734735 -0.004544343 0.999988139 20.392765045
0.999414980 0.034093894 0.002707810 10.502225876 -0.034104407 0.999410510 0.003936936 -2.164482594 -0.002571988 -0.004026981 0.999988556 20.468320847
0.999501467 0.031498246 0.002167627 10.535009384 -0.031508356 0.999491870 0.004800962 -2.165821314 -0.002015304 -0.004866866 0.999986112 20.765983582
0.999523997 0.030778538 0.002108155 10.547351837 -0.030789666 0.999510884 0.005464707 -2.165846348 -0.001938928 -0.005527015 0.999982774 20.944696426
0.999490976 0.031819064 0.002301993 10.574291229 -0.031830434 0.999480367 0.005084248 -2.157476187 -0.002139020 -0.005154933 0.999984384 21.191167831
0.999505579 0.031349026 0.002399915 10.580201149 -0.031361450 0.999493837 0.005327240 -2.152143478 -0.002231696 -0.005399870 0.999982893 21.298074722
0.999510646 0.031144362 0.002935417 10.487426758 -0.031159997 0.999499559 0.005440773 -2.113267183 -0.002764499 -0.005529577 0.999980867 21.498350143
0.999309182 0.037079114 0.002510764 10.739742279 -0.037090715 0.999300599 0.004745146 -2.376006126 -0.002333062 -0.004834994 0.999985516 21.244165421
0.998570979 0.053404029 0.002001112 12.508809090 -0.053412251 0.998563230 0.004310676 -3.491139650 -0.001768029 -0.004411400 0.999988675 19.045915604
0.998393118 0.056631166 0.002052191 12.111453056 -0.056637872 0.998389065 0.003370408 -3.644692898 -0.001858015 -0.003481223 0.999992192 19.719274521
0.998239100 0.059306033 0.001270205 12.413289070 -0.059310511 0.998232245 0.003842710 -3.865491867 -0.001040063 -0.003911279 0.999991775 19.634576797
0.998409033 0.056336947 0.002364838 12.549733162 -0.056345776 0.998403907 0.003849637 -3.546051502 -0.002144187 -0.003976760 0.999989748 19.375482559
0.998321593 0.057909261 0.000715298 13.520450592 -0.057911810 0.998312414 0.004309310 -3.819729090 -0.000464542 -0.004343502 0.999990463 18.560703278
0.997773230 0.066672735 0.001825320 13.655077934 -0.066681087 0.997761905 0.004982650 -4.556858063 -0.001489027 -0.005093270 0.999985874 18.394960403
0.997812331 0.066054195 0.002744915 12.967184067 -0.066063724 0.997809112 0.003534595 -4.324174881 -0.002505427 -0.003708201 0.999989986 19.447158813
0.997804403 0.066176273 0.002649415 13.540923119 -0.066189766 0.997792542 0.005378223 -4.481678963 -0.002287655 -0.005541778 0.999981999 19.149528503
0.998192906 0.059993092 0.003434445 13.371666908 -0.060010612 0.998183966 0.005248448 -3.873374462 -0.003113338 -0.005445066 0.999980271 19.899349213
0.998166144 0.060433254 0.003506043 13.580177307 -0.060452122 0.998155653 0.005550003 -3.957917690 -0.003164172 -0.005751772 0.999978423 19.770481110
0.998023450 0.062742896 0.003539085 13.344030380 -0.062759109 0.998017788 0.004673839 -3.929604292 -0.003238820 -0.004886712 0.999982834 20.279525757
0.997912705 0.064488754 0.003390655 13.583703041 -0.064503625 0.997907400 0.004475952 -4.019962788 -0.003094911 -0.004685319 0.999984264 20.186197281
0.998045802 0.062348828 0.004170108 13.700366974 -0.062366217 0.998044610 0.004180192 -3.868289471 -0.003901324 -0.004432096 0.999982595 20.051223755
0.997958541 0.063756324 0.003752233 13.766900063 -0.063773744 0.997953176 0.004722503 -3.993723631 -0.003443464 -0.004952155 0.999981821 20.232349396
0.997984290 0.063367426 0.003463469 13.942654610 -0.063384615 0.997976184 0.005103861 -4.026731491 -0.003133040 -0.005313104 0.999980986 20.162403107
0.997831821 0.065700546 0.003893124 14.157577515 -0.065717749 0.997828245 0.004469515 -4.079751492 -0.003591019 -0.004715672 0.999982417 19.971174240
0.997861743 0.065240271 0.003962550 14.323030472 -0.065259829 0.997855604 0.005026901 -4.097338676 -0.003626096 -0.005274747 0.999979556 19.940406799
0.997750878 0.066900559 0.004190780 14.413301468 -0.066920668 0.997746527 0.004859448 -4.157815456 -0.003856236 -0.005128968 0.999979436 19.956663132
0.997847021 0.065514825 0.003053793 14.651043892 -0.065530822 0.997835517 0.005475247 -4.180265427 -0.002688474 -0.005663577 0.999980390 19.915296555
0.997825623 0.065861225 0.002554421 14.691188812 -0.065873466 0.997815192 0.005047106 -4.177140713 -0.002216432 -0.005204398 0.999984026 20.107566833
0.997710943 0.067529999 0.003544841 14.592302322 -0.067545809 0.997705877 0.004547570 -4.262156010 -0.003229612 -0.004776600 0.999983370 20.289316177
0.997585893 0.069331169 0.003947713 14.892062187 -0.069350384 0.997580051 0.004959303 -4.411280632 -0.003594325 -0.005221108 0.999979973 19.990772247
0.997816443 0.066003606 0.002465935 15.220514297 -0.066015594 0.997805417 0.005144494 -4.225805759 -0.002120968 -0.005296051 0.999983788 19.907873154
0.997529626 0.070167609 0.003339429 15.096001625 -0.070181347 0.997525454 0.004194312 -4.364353657 -0.003036860 -0.004418316 0.999985635 20.119461060
0.997664630 0.068246193 0.002797824 15.175828934 -0.068258263 0.997657657 0.004475808 -4.296904564 -0.002485814 -0.004656330 0.999986053 20.256488800
0.997222483 0.074379921 0.003862169 15.359499931 -0.074394979 0.997221231 0.003910891 -4.608763218 -0.003560545 -0.004187354 0.999984920 20.031660080
0.997385323 0.072204232 0.002990759 15.501548767 -0.072215840 0.997381091 0.003976495 -4.413775921 -0.002695806 -0.004182078 0.999987721 20.317752838
0.997460485 0.071126334 0.003691008 15.411030769 -0.071145177 0.997452140 0.005253448 -4.608420372 -0.003307945 -0.005502705 0.999979436 20.381469727
0.997211695 0.074474037 0.004743945 15.609673500 -0.074496292 0.997210205 0.004700134 -4.793305397 -0.004380673 -0.005040434 0.999977708 20.142925262
0.997343779 0.072709471 0.004310790 15.771203995 -0.072728127 0.997342288 0.004340966 -4.532396793 -0.003983704 -0.004642951 0.999981284 20.085309982
0.997116268 0.075785473 0.003949838 16.076524734 -0.075804070 0.997111261 0.004794429 -4.799448013 -0.003575079 -0.005080018 0.999980688 19.979867935
0.997192562 0.074785955 0.003731025 16.403285980 -0.074804500 0.997185111 0.005107118 -4.676732063 -0.003338582 -0.005371878 0.999979973 19.999961853
0.996780396 0.080091700 0.003780338 16.392459869 -0.080106415 0.996778667 0.003914790 -4.867963791 -0.003454618 -0.004205015 0.999985218 19.942121506
0.996796906 0.079907596 0.003302651 16.648721695 -0.079920359 0.996793509 0.003931256 -4.893968582 -0.002977924 -0.004182613 0.999986887 19.755121231
0.996490121 0.083642662 0.003367440 16.912225723 -0.083652884 0.996490359 0.003017754 -4.928069592 -0.003103208 -0.003288857 0.999989748 19.593647003
0.997055769 0.076616660 0.003111851 17.033361435 -0.076628797 0.997051716 0.003990100 -4.830522537 -0.002796968 -0.004216809 0.999987185 19.858873367
0.997264981 0.073813006 0.003779399 16.881790161 -0.073829509 0.997261047 0.004432388 -4.803201199 -0.003441879 -0.004699296 0.999983013 20.277626038
0.996927917 0.078273393 0.002851553 17.248912811 -0.078284033 0.996923745 0.003834431 -4.941630363 -0.002542647 -0.004045882 0.999988556 19.995674133
0.996572077 0.082638875 0.003891037 17.241491318 -0.082654148 0.996570528 0.003946086 -5.092542171 -0.003551593 -0.004254171 0.999984682 20.195964813
0.996475697 0.083803721 0.003647401 17.563020706 -0.083819754 0.996470869 0.004491942 -5.125884056 -0.003258087 -0.004781834 0.999983251 19.920709610
0.996693552 0.081200697 0.002908009 17.430179596 -0.081214435 0.996684313 0.004968720 -5.047254086 -0.002494903 -0.005188464 0.999983430 20.527679443
0.996411860 0.084598191 0.002582894 17.646429062 -0.084608093 0.996406317 0.004001840 -5.154152870 -0.002235064 -0.004206015 0.999988735 20.550600052
0.996546984 0.082974501 0.003047624 17.601747513 -0.082987942 0.996540010 0.004580537 -5.057394028 -0.002657012 -0.004817637 0.999984860 21.057556152
0.996415377 0.084523238 0.003485939 17.595270157 -0.084536038 0.996413529 0.003708954 -5.052757263 -0.003159944 -0.003990347 0.999987006 21.189258575
0.996407449 0.084589265 0.004114944 17.636247635 -0.084604502 0.996407807 0.003680968 -5.049068928 -0.003788792 -0.004015887 0.999984801 21.312723160
0.996320486 0.085591152 0.004411930 17.639078140 -0.085607424 0.996322274 0.003643136 -5.085736275 -0.004083884 -0.004007426 0.999983609 21.412199020
0.996401727 0.084624812 0.004713046 17.655986786 -0.084642522 0.996404469 0.003695282 -5.071922302 -0.004383388 -0.004080911 0.999982059 21.595235825
0.996280909 0.086039528 0.004629665 17.671941757 -0.086055979 0.996284187 0.003479623 -5.087457657 -0.004313077 -0.003865093 0.999983251 21.750671387
0.996320426 0.085548826 0.005179376 17.679916382 -0.085569300 0.996324658 0.003872268 -5.120410442 -0.004829072 -0.004301216 0.999979079 21.921960831
0.996471584 0.083786979 0.004903853 17.675262451 -0.083809160 0.996471524 0.004508747 -5.118161201 -0.004508777 -0.004903827 0.999977767 22.078887939
0.996387303 0.084791802 0.004772337 17.684665680 -0.084812015 0.996388137 0.004204475 -5.106617451 -0.004398594 -0.004594037 0.999979794 22.120620728
0.996402502 0.084492773 0.006553118 17.619342804 -0.084524445 0.996410251 0.004718861 -5.148709774 -0.006130884 -0.005255783 0.999967396 22.024431229
0.996412098 0.084457316 0.005476420 17.630308151 -0.084480017 0.996416867 0.004055195 -5.092556000 -0.005114307 -0.004503293 0.999976754 22.340690613
0.996252060 0.086299762 0.005852905 17.718811035 -0.086323030 0.996259749 0.003845562 -5.151270390 -0.005499142 -0.004336390 0.999975443 22.601919174
0.996352017 0.085188113 0.005039305 17.716344833 -0.085207984 0.996355534 0.003869938 -5.172518730 -0.004691268 -0.004285210 0.999979794 22.764579773
0.996393681 0.084688209 0.005249576 17.701276779 -0.084714442 0.996392727 0.004995673 -5.216808796 -0.004807565 -0.005422372 0.999973774 22.714879990
0.996384561 0.084748209 0.005943414 17.767063141 -0.084779076 0.996386409 0.005147785 -5.173946381 -0.005485672 -0.005633052 0.999969065 22.799581528
0.996328890 0.085402317 0.005947561 17.731868744 -0.085435785 0.996327817 0.005621283 -5.275260925 -0.005445650 -0.006108781 0.999966502 22.922981262
0.996272445 0.086011201 0.006586851 17.768238068 -0.086045444 0.996278048 0.005104878 -5.253323555 -0.006123259 -0.005652618 0.999965310 22.896049500
0.996150732 0.087304004 0.007857854 17.694221497 -0.087341040 0.996168375 0.004499640 -5.265392303 -0.007434908 -0.005168633 0.999958932 23.001276016
0.996514142 0.082969718 0.008688931 17.559858322 -0.083018325 0.996533394 0.005391061 -5.079843998 -0.008211516 -0.006093610 0.999947667 23.138341904
0.996355772 0.084792905 0.009230124 17.565204620 -0.084834568 0.996386051 0.004219747 -5.073268890 -0.008838961 -0.004987403 0.999948502 23.204801559
0.996450424 0.083780676 0.008202413 17.634891510 -0.083826646 0.996465504 0.005431757 -5.143515110 -0.007718345 -0.006100058 0.999951601 23.568323135
0.996370494 0.084727071 0.008190057 17.666446686 -0.084769420 0.996388137 0.004969810 -5.137935638 -0.007739398 -0.005646039 0.999954104 23.620740891
0.996336401 0.084932745 0.010001895 17.748311996 -0.084988594 0.996367812 0.005297198 -5.182838917 -0.009515662 -0.006127839 0.999935865 23.376022339
0.996245801 0.086141966 0.008598956 17.816892624 -0.086191490 0.996263027 0.005566415 -5.218223572 -0.008087320 -0.006286674 0.999947488 23.681699753
0.996329069 0.085240714 0.007905431 17.691682816 -0.085286759 0.996340156 0.005682314 -5.178647518 -0.007392135 -0.006335684 0.999952555 24.065084457
0.996301055 0.085537568 0.008220119 17.722288132 -0.085582815 0.996316850 0.005318276 -5.229934692 -0.007734931 -0.006002105 0.999952018 24.480047226
0.996545196 0.082471564 0.009799937 17.656322479 -0.082537435 0.996566653 0.006519206 -5.213819027 -0.009228641 -0.007305546 0.999930739 24.256679535
0.995928407 0.089713290 0.008845642 17.985630035 -0.089754865 0.995953977 0.004420561 -5.459692001 -0.008413271 -0.005196501 0.999951124 24.054128647
0.996152580 0.087195195 0.008770969 18.104072571 -0.087242708 0.996173620 0.005188797 -5.375855446 -0.008284969 -0.005934037 0.999948084 24.073625565
0.996136248 0.087319262 0.009375600 18.218547821 -0.087376215 0.996158302 0.005845957 -5.358543873 -0.008829116 -0.006642575 0.999938905 23.985692978
0.996047437 0.088166580 0.010770441 18.000940323 -0.088229872 0.996084630 0.005549322 -5.448417187 -0.010239008 -0.006477663 0.999926567 24.230466843
0.995827615 0.090834871 0.008734632 18.926702499 -0.090885200 0.995845914 0.005548213 -5.558676720 -0.008194376 -0.006318913 0.999946415 23.559391022
0.995491028 0.094426155 0.009021220 19.117660522 -0.094477646 0.995511949 0.005462894 -5.823060513 -0.008464893 -0.006290565 0.999944329 23.449960709
0.995856702 0.090575799 0.008090981 18.877191544 -0.090622634 0.995869458 0.005622710 -5.727066517 -0.007548279 -0.006332641 0.999951422 24.294837952
0.996298969 0.085591927 0.007906863 19.202911377 -0.085642062 0.996306360 0.006236015 -5.450939178 -0.007343906 -0.006890095 0.999949276 23.827659607
0.996574998 0.082239024 0.008664250 18.944406509 -0.082302481 0.996581137 0.007241410 -5.350277901 -0.008039103 -0.007929699 0.999936163 24.253938675
0.995261788 0.096806996 0.009077357 19.232213974 -0.096856274 0.995284975 0.005156177 -6.098547935 -0.008535403 -0.006010944 0.999945462 23.850799561
0.996080935 0.087969325 0.009172891 18.984167099 -0.088023238 0.996102393 0.005649920 -5.397813320 -0.008640119 -0.006435205 0.999941945 24.303901672
